-10 6.26002e+23 4.96085e-16 -4.62906e-16 0.0210985 0.112666 2.69655e-14 0.51203 0.354206 0 
-9.89899 6.90007e+23 4.516e-16 -4.18654e-16 0.0230138 0.122894 3.98244e-14 0.504852 0.349241 0 
-9.79798 7.60294e+23 4.11365e-16 -3.78672e-16 0.025071 0.133879 5.87406e-14 0.497142 0.343907 0 
-9.69697 8.37429e+23 3.74971e-16 -3.4255e-16 0.027275 0.145648 8.65236e-14 0.488883 0.338194 0 
-9.59596 9.2202e+23 3.42045e-16 -3.09919e-16 0.0296294 0.158221 1.27262e-13 0.480059 0.33209 0 
-9.49495 1.01472e+24 3.12254e-16 -2.80444e-16 0.032137 0.171612 1.86889e-13 0.470662 0.325589 0 
-9.39394 1.11622e+24 2.85294e-16 -2.53822e-16 0.0347992 0.185828 2.74001e-13 0.460685 0.318688 0 
-9.29293 1.22726e+24 2.6089e-16 -2.29781e-16 0.0376158 0.200868 4.01013e-13 0.45013 0.311386 0 
-9.19192 1.34863e+24 2.38795e-16 -2.08073e-16 0.0405852 0.216725 5.85813e-13 0.439002 0.303688 0 
-9.09091 1.48117e+24 2.18784e-16 -1.88474e-16 0.0437036 0.233377 8.5411e-13 0.427315 0.295604 0 
-8.9899 1.62576e+24 2.00655e-16 -1.70782e-16 0.0469656 0.250796 1.24274e-12 0.415091 0.287147 0 
-8.88889 1.78332e+24 1.84225e-16 -1.54813e-16 0.0503636 0.268941 1.80435e-12 0.402357 0.278338 0 
-8.78788 1.95484e+24 1.69328e-16 -1.40402e-16 0.0538878 0.287761 2.61396e-12 0.38915 0.269202 0 
-8.68687 2.14134e+24 1.55814e-16 -1.274e-16 0.0575264 0.307191 3.77817e-12 0.375514 0.259769 0 
-8.58586 2.3439e+24 1.43548e-16 -1.15669e-16 0.0612658 0.327159 5.44799e-12 0.3615 0.250075 0 
-8.48485 2.56363e+24 1.32407e-16 -1.05087e-16 0.0650904 0.347582 7.83681e-12 0.347167 0.24016 0 
-8.38384 2.8017e+24 1.22283e-16 -9.55426e-17 0.0689829 0.368369 1.12452e-11 0.33258 0.230068 0 
-8.28283 3.05932e+24 1.13074e-16 -8.69347e-17 0.072925 0.38942 1.60956e-11 0.317807 0.219849 0 
-8.18182 3.33774e+24 1.04692e-16 -7.91718e-17 0.0768972 0.410631 2.29798e-11 0.302921 0.209551 0 
-8.08081 3.63826e+24 9.70544e-17 -7.21709e-17 0.0808794 0.431896 3.27249e-11 0.287997 0.199227 0 
-7.9798 3.96222e+24 9.00888e-17 -6.58568e-17 0.0848514 0.453106 4.6484e-11 0.273112 0.18893 0 
-7.87879 4.311e+24 8.37292e-17 -6.01616e-17 0.088793 0.474155 6.58609e-11 0.25834 0.178712 0 
-7.77778 4.68604e+24 7.79162e-17 -5.50236e-17 0.0926849 0.494937 9.30813e-11 0.243755 0.168622 0 
-7.67677 5.0888e+24 7.25965e-17 -5.03869e-17 0.0965085 0.515355 1.31227e-10 0.229426 0.15871 0 
-7.57576 5.52081e+24 6.77219e-17 -4.62011e-17 0.100247 0.535318 1.84558e-10 0.215417 0.149019 0 
-7.47475 5.98364e+24 6.32493e-17 -4.24205e-17 0.103884 0.554741 2.5895e-10 0.201786 0.139589 0 
-7.37374 6.47891e+24 5.91398e-17 -3.90039e-17 0.107407 0.573553 3.62496e-10 0.188584 0.130457 0 
-7.27273 7.00829e+24 5.53587e-17 -3.59142e-17 0.110803 0.591689 5.06323e-10 0.175856 0.121652 0 
-7.17172 7.57353e+24 5.18746e-17 -3.31177e-17 0.114064 0.609099 7.05711e-10 0.163638 0.1132 0 
-7.07071 8.17641e+24 4.86594e-17 -3.05843e-17 0.11718 0.625742 9.81609e-10 0.151958 0.10512 0 
-6.9697 8.81881e+24 4.5688e-17 -2.82869e-17 0.120148 0.641589 1.36271e-09 0.140837 0.0974265 0 
-6.86869 9.50267e+24 4.29377e-17 -2.6201e-17 0.122963 0.65662 1.88828e-09 0.130288 0.0901293 0 
-6.76768 1.023e+25 4.03885e-17 -2.43048e-17 0.125623 0.670826 2.61196e-09 0.120319 0.0832327 0 
-6.66667 1.10029e+25 3.8022e-17 -2.25787e-17 0.128129 0.684207 3.60701e-09 0.110928 0.0767367 0 
-6.56566 1.18236e+25 3.5822e-17 -2.10051e-17 0.130481 0.696769 4.97341e-09 0.102112 0.0706377 0 
-6.46465 1.26944e+25 3.37739e-17 -1.95684e-17 0.132683 0.708529 6.84742e-09 0.093859 0.0649288 0 
-6.36364 1.36177e+25 3.18646e-17 -1.82545e-17 0.134739 0.719505 9.41473e-09 0.0861558 0.0595999 0 
-6.26263 1.45959e+25 3.00824e-17 -1.70511e-17 0.136652 0.729724 1.29282e-08 0.0789844 0.0546389 0 
-6.16162 1.56319e+25 2.84166e-17 -1.59468e-17 0.13843 0.739214 1.77318e-08 0.0723244 0.0500317 0 
-6.06061 1.67282e+25 2.68578e-17 -1.49318e-17 0.140076 0.748007 2.42937e-08 0.0661534 0.0457628 0 
-5.9596 1.78878e+25 2.53974e-17 -1.39973e-17 0.141599 0.756138 3.325e-08 0.0604476 0.0418158 0 
-5.85859 1.91139e+25 2.40276e-17 -1.31354e-17 0.143004 0.763641 4.54658e-08 0.0551822 0.0381733 0 
-5.75758 2.04095e+25 2.27416e-17 -1.2339e-17 0.144298 0.770552 6.21158e-08 0.0503319 0.0348181 0 
-5.65657 2.17782e+25 2.15329e-17 -1.1602e-17 0.145488 0.776908 8.47957e-08 0.0458715 0.0317325 0 
-5.55556 2.32234e+25 2.03959e-17 -1.09187e-17 0.146581 0.782744 1.15672e-07 0.0417758 0.0288992 0 
-5.45455 2.47489e+25 1.93255e-17 -1.02843e-17 0.147583 0.788095 1.57685e-07 0.0380203 0.0263013 0 
-5.35354 2.63586e+25 1.83168e-17 -9.6942e-18 0.148501 0.792995 2.14827e-07 0.0345812 0.0239222 0 
-5.25253 2.80568e+25 1.73657e-17 -9.1446e-18 0.14934 0.797478 2.9251e-07 0.0314354 0.0217461 0 
-5.15152 2.98477e+25 1.64682e-17 -8.63194e-18 0.150107 0.801573 3.98079e-07 0.0285612 0.0197577 0 
-5.05051 3.1736e+25 1.56207e-17 -8.15307e-18 0.150807 0.805312 5.41495e-07 0.0259375 0.0179428 0 
-4.94949 3.37265e+25 1.48201e-17 -7.70517e-18 0.151446 0.808721 7.36264e-07 0.0235448 0.0162876 0 
-4.84848 3.58244e+25 1.40632e-17 -7.28571e-18 0.152028 0.811828 1.0007e-06 0.0213645 0.0147793 0 
-4.74747 3.80349e+25 1.33473e-17 -6.89242e-18 0.152557 0.814656 1.35962e-06 0.0193792 0.0134059 0 
-4.64646 4.03639e+25 1.26699e-17 -6.52327e-18 0.153039 0.81723 1.84668e-06 0.0175726 0.0121562 0 
-4.54545 4.28171e+25 1.20287e-17 -6.1764e-18 0.153478 0.81957 2.50749e-06 0.0159298 0.0110197 0 
-4.44444 4.5401e+25 1.14215e-17 -5.85016e-18 0.153876 0.821697 3.40384e-06 0.0144367 0.00998686 0 
-4.34343 4.8122e+25 1.08462e-17 -5.54305e-18 0.154238 0.823629 4.61948e-06 0.0130804 0.00904858 0 
-4.24242 5.09872e+25 1.03011e-17 -5.25369e-18 0.154566 0.825382 6.26788e-06 0.0118488 0.00819664 0 
-4.14141 5.40039e+25 9.78432e-18 -4.98085e-18 0.154864 0.826973 8.50279e-06 0.0107311 0.00742342 0 
-4.0404 5.71798e+25 9.29434e-18 -4.7234e-18 0.155134 0.828416 1.15325e-05 0.00971699 0.00672191 0 
-3.93939 6.05229e+25 8.82962e-18 -4.48031e-18 0.155379 0.829723 1.56391e-05 0.00879728 0.00608568 0 
-3.83838 6.40419e+25 8.38877e-18 -4.25063e-18 0.1556 0.830906 2.12049e-05 0.00796341 0.00550884 0 
-3.73737 6.77457e+25 7.97048e-18 -4.03349e-18 0.155801 0.831977 2.87474e-05 0.00720759 0.00498599 0 
-3.63636 7.16437e+25 7.57353e-18 -3.82811e-18 0.155982 0.832944 3.8968e-05 0.00652269 0.0045122 0 
-3.53535 7.57459e+25 7.19676e-18 -3.63374e-18 0.156145 0.833817 5.28162e-05 0.00590219 0.00408295 0 
-3.43434 8.00627e+25 6.83909e-18 -3.44971e-18 0.156292 0.834602 7.15781e-05 0.00534016 0.00369415 0 
-3.33333 8.46052e+25 6.49952e-18 -3.27538e-18 0.156424 0.835306 9.69953e-05 0.00483117 0.00334205 0 
-3.23232 8.93849e+25 6.17709e-18 -3.11016e-18 0.156542 0.835933 0.000131426 0.00437029 0.00302323 0 
-3.13131 9.4414e+25 5.87092e-18 -2.95352e-18 0.156646 0.836489 0.000178063 0.00395303 0.00273458 0 
-3.0303 9.97053e+25 5.58015e-18 -2.80493e-18 0.156737 0.836974 0.000241229 0.00357531 0.00247329 0 
-2.92929 1.05272e+26 5.30401e-18 -2.66391e-18 0.156814 0.837389 0.000326776 0.00323341 0.00223677 0 
-2.82828 1.11129e+26 5.04175e-18 -2.53e-18 0.156879 0.837732 0.000442621 0.00292396 0.0020227 0 
-2.72727 1.1729e+26 4.79267e-18 -2.40275e-18 0.156929 0.837999 0.000599481 0.00264388 0.00182895 0 
-2.62626 1.23771e+26 4.55613e-18 -2.28173e-18 0.156963 0.838181 0.000811847 0.00239038 0.00165359 0 
-2.52525 1.30588e+26 4.33152e-18 -2.16654e-18 0.156979 0.838266 0.00109932 0.00216094 0.00149487 0 
-2.42424 1.37759e+26 4.11827e-18 -2.05674e-18 0.156973 0.838234 0.00148837 0.00195325 0.0013512 0 
-2.32323 1.453e+26 3.91585e-18 -1.95194e-18 0.15694 0.838059 0.00201476 0.00176522 0.00122113 0 
-2.22222 1.53231e+26 3.72378e-18 -1.85169e-18 0.156873 0.837702 0.00272674 0.00159495 0.00110334 0 
-2.12121 1.61571e+26 3.54163e-18 -1.75553e-18 0.156762 0.837111 0.00368928 0.0014407 0.000996628 0 
-2.0202 1.70339e+26 3.36901e-18 -1.663e-18 0.156595 0.836215 0.00498977 0.00130088 0.000899912 0 
-1.91919 1.79554e+26 3.20557e-18 -1.57353e-18 0.156351 0.834917 0.00674544 0.00117408 0.000812189 0 
-1.81818 1.89239e+26 3.05104e-18 -1.48655e-18 0.156009 0.833087 0.009113 0.00105895 0.000732548 0 
-1.71717 1.99411e+26 2.9052e-18 -1.40134e-18 0.155534 0.830551 0.012301 0.000954295 0.000660152 0 
-1.61616 2.10092e+26 2.76791e-18 -1.31711e-18 0.154883 0.827078 0.0165854 0.000859003 0.000594232 0 
-1.51515 2.21298e+26 2.63912e-18 -1.23289e-18 0.154001 0.822365 0.022328 0.000772049 0.000534079 0 
-1.41414 2.33045e+26 2.51888e-18 -1.14757e-18 0.152812 0.816018 0.0299977 0.000692488 0.000479041 0 
-1.31313 2.45345e+26 2.40737e-18 -1.0598e-18 0.151224 0.807535 0.0401934 0.000619449 0.000428515 0 
-1.21212 2.58204e+26 2.30491e-18 -9.68002e-19 0.149117 0.796287 0.053662 0.000552135 0.00038195 0 
-1.11111 2.71619e+26 2.21201e-18 -8.7032e-19 0.146351 0.781513 0.0713079 0.000489828 0.000338848 0 
-1.0101 2.85577e+26 2.12936e-18 -7.64648e-19 0.142759 0.762332 0.0941782 0.000431901 0.000298775 0 
-0.909091 3.00049e+26 2.05788e-18 -6.48659e-19 0.138163 0.73779 0.123408 0.000377837 0.000261376 0 
-0.808081 3.14988e+26 1.99874e-18 -5.19911e-19 0.132388 0.706953 0.160105 0.000327261 0.000226389 0 
-0.707071 3.30322e+26 1.95336e-18 -3.76016e-19 0.125294 0.669072 0.20516 0.000279968 0.000193673 0 
-0.606061 3.45956e+26 1.92336e-18 -2.14889e-19 0.116817 0.623802 0.258982 0.000235947 0.00016322 0 
-0.505051 3.61765e+26 1.91058e-18 -3.50379e-20 0.107011 0.571441 0.321218 0.000195375 0.000135155 0 
-0.40404 3.77603e+26 1.91694e-18 1.64193e-19 0.0960893 0.513117 0.390525 0.00015858 0.0001097 0 
-0.30303 3.93303e+26 1.94439e-18 3.82502e-19 0.084422 0.450813 0.464552 0.000125939 8.71205e-05 0 
-0.20202 4.08694e+26 1.99481e-18 6.18743e-19 0.0725019 0.38716 0.540172 9.77655e-05 6.76311e-05 0 
-0.10101 4.23611e+26 2.06994e-18 8.71273e-19 0.0608656 0.325022 0.613987 7.4189e-05 5.13216e-05 0 
0 4.37908e+26 2.17132e-18 1.13845e-18 0.05 0.267 0.682907 5.50896e-05 3.81093e-05 0 
