-10 3.2556e+24 1.81437e-16 -9.07186e-17 0.157729 0.842271 2.01617e-13 3.2276e-26 2.23275e-26 0 
-9.89899 3.42678e+24 1.72501e-16 -8.62506e-17 0.157729 0.842271 2.7298e-13 2.9175e-26 2.01824e-26 0 
-9.79798 3.60684e+24 1.64005e-16 -8.20027e-17 0.157729 0.842271 3.69603e-13 2.6372e-26 1.82433e-26 0 
-9.69697 3.79622e+24 1.55928e-16 -7.7964e-17 0.157729 0.842271 5.00426e-13 2.38383e-26 1.64906e-26 0 
-9.59596 3.99542e+24 1.48248e-16 -7.41242e-17 0.157729 0.842271 6.77555e-13 2.1548e-26 1.49062e-26 0 
-9.49495 4.20493e+24 1.40947e-16 -7.04735e-17 0.157729 0.842271 9.17379e-13 1.94777e-26 1.34741e-26 0 
-9.39394 4.42529e+24 1.34005e-16 -6.70026e-17 0.157729 0.842271 1.24209e-12 1.76064e-26 1.21796e-26 0 
-9.29293 4.65707e+24 1.27405e-16 -6.37027e-17 0.157729 0.842271 1.68174e-12 1.59148e-26 1.10094e-26 0 
-9.19192 4.90086e+24 1.21131e-16 -6.05653e-17 0.157729 0.842271 2.277e-12 1.43858e-26 9.95165e-27 0 
-9.09091 5.15728e+24 1.15165e-16 -5.75824e-17 0.157729 0.842271 3.08295e-12 1.30037e-26 8.99554e-27 0 
-8.9899 5.42698e+24 1.09493e-16 -5.47464e-17 0.157729 0.842271 4.17418e-12 1.17543e-26 8.13128e-27 0 
-8.88889 5.71064e+24 1.041e-16 -5.20501e-17 0.157729 0.842271 5.65165e-12 1.0625e-26 7.35006e-27 0 
-8.78788 6.00901e+24 9.89732e-17 -4.94866e-17 0.157729 0.842271 7.65208e-12 9.60421e-27 6.6439e-27 0 
-8.68687 6.32283e+24 9.40987e-17 -4.70493e-17 0.157729 0.842271 1.03606e-11 8.68148e-27 6.00558e-27 0 
-8.58586 6.65291e+24 8.94642e-17 -4.47321e-17 0.157729 0.842271 1.40278e-11 7.84739e-27 5.42858e-27 0 
-8.48485 7.00008e+24 8.5058e-17 -4.2529e-17 0.157729 0.842271 1.8993e-11 7.09345e-27 4.90703e-27 0 
-8.38384 7.36524e+24 8.08688e-17 -4.04344e-17 0.157729 0.842271 2.57156e-11 6.41194e-27 4.43558e-27 0 
-8.28283 7.74932e+24 7.6886e-17 -3.8443e-17 0.157729 0.842271 3.48178e-11 5.7959e-27 4.00943e-27 0 
-8.18182 8.15329e+24 7.30993e-17 -3.65496e-17 0.157729 0.842271 4.71418e-11 5.23906e-27 3.62422e-27 0 
-8.08081 8.57819e+24 6.94991e-17 -3.47495e-17 0.157729 0.842271 6.38279e-11 4.73571e-27 3.27602e-27 0 
-7.9798 9.0251e+24 6.60762e-17 -3.30381e-17 0.157729 0.842271 8.64201e-11 4.28072e-27 2.96127e-27 0 
-7.87879 9.49516e+24 6.28219e-17 -3.14109e-17 0.157729 0.842271 1.17009e-10 3.86944e-27 2.67676e-27 0 
-7.77778 9.98957e+24 5.97278e-17 -2.98639e-17 0.157729 0.842271 1.58425e-10 3.49768e-27 2.41959e-27 0 
-7.67677 1.05096e+25 5.67862e-17 -2.83931e-17 0.157729 0.842271 2.145e-10 3.16164e-27 2.18712e-27 0 
-7.57576 1.10566e+25 5.39894e-17 -2.69947e-17 0.157729 0.842271 2.90424e-10 2.85788e-27 1.97699e-27 0 
-7.47475 1.16318e+25 5.13304e-17 -2.56652e-17 0.157729 0.842271 3.93221e-10 2.58331e-27 1.78705e-27 0 
-7.37374 1.22369e+25 4.88023e-17 -2.44012e-17 0.157729 0.842271 5.32404e-10 2.33511e-27 1.61536e-27 0 
-7.27273 1.28734e+25 4.63988e-17 -2.31994e-17 0.157729 0.842271 7.20851e-10 2.11076e-27 1.46016e-27 0 
-7.17172 1.35428e+25 4.41136e-17 -2.20568e-17 0.157729 0.842271 9.76e-10 1.90797e-27 1.31987e-27 0 
-7.07071 1.42469e+25 4.1941e-17 -2.09705e-17 0.157729 0.842271 1.32146e-09 1.72466e-27 1.19307e-27 0 
-6.9697 1.49874e+25 3.98753e-17 -1.99377e-17 0.157729 0.842271 1.7892e-09 1.55896e-27 1.07844e-27 0 
-6.86869 1.57664e+25 3.79114e-17 -1.89557e-17 0.157729 0.842271 2.4225e-09 1.40918e-27 9.74829e-28 0 
-6.76768 1.65856e+25 3.60443e-17 -1.80221e-17 0.157729 0.842271 3.27995e-09 1.27379e-27 8.81171e-28 0 
-6.66667 1.74473e+25 3.42691e-17 -1.71345e-17 0.157729 0.842271 4.44091e-09 1.15141e-27 7.96512e-28 0 
-6.56566 1.83537e+25 3.25813e-17 -1.62906e-17 0.157729 0.842271 6.01279e-09 1.04079e-27 7.19986e-28 0 
-6.46465 1.9307e+25 3.09766e-17 -1.54883e-17 0.157729 0.842271 8.14105e-09 9.40795e-28 6.50812e-28 0 
-6.36364 2.03097e+25 2.9451e-17 -1.47255e-17 0.157729 0.842271 1.10226e-08 8.50407e-28 5.88285e-28 0 
-6.26263 2.13643e+25 2.80005e-17 -1.40003e-17 0.157729 0.842271 1.49241e-08 7.68703e-28 5.31765e-28 0 
-6.16162 2.24736e+25 2.66215e-17 -1.33107e-17 0.157729 0.842271 2.02066e-08 6.94849e-28 4.80675e-28 0 
-6.06061 2.36403e+25 2.53103e-17 -1.26552e-17 0.157729 0.842271 2.73589e-08 6.28091e-28 4.34493e-28 0 
-5.9596 2.48675e+25 2.40638e-17 -1.20319e-17 0.157729 0.842271 3.70427e-08 5.67746e-28 3.92749e-28 0 
-5.85859 2.61582e+25 2.28786e-17 -1.14393e-17 0.157729 0.842271 5.01542e-08 5.13199e-28 3.55015e-28 0 
-5.75758 2.75158e+25 2.17518e-17 -1.08759e-17 0.157729 0.842271 6.79065e-08 4.63893e-28 3.20907e-28 0 
-5.65657 2.89437e+25 2.06805e-17 -1.03403e-17 0.157729 0.842271 9.19424e-08 4.19324e-28 2.90075e-28 0 
-5.55556 3.04456e+25 1.9662e-17 -9.83099e-18 0.157729 0.842271 1.24486e-07 3.79037e-28 2.62206e-28 0 
-5.45455 3.20253e+25 1.86936e-17 -9.34681e-18 0.157729 0.842271 1.68548e-07 3.42621e-28 2.37014e-28 0 
-5.35354 3.36868e+25 1.77729e-17 -8.88647e-18 0.157729 0.842271 2.28207e-07 3.09703e-28 2.14243e-28 0 
-5.25253 3.54344e+25 1.68976e-17 -8.4488e-18 0.157729 0.842271 3.08982e-07 2.79948e-28 1.93659e-28 0 
-5.15152 3.72725e+25 1.60654e-17 -8.03269e-18 0.157729 0.842271 4.18348e-07 2.53052e-28 1.75053e-28 0 
-5.05051 3.92058e+25 1.52742e-17 -7.63707e-18 0.157729 0.842271 5.66424e-07 2.28739e-28 1.58235e-28 0 
-4.94949 4.12393e+25 1.45219e-17 -7.26093e-18 0.157729 0.842271 7.66913e-07 2.06763e-28 1.43032e-28 0 
-4.84848 4.33781e+25 1.38067e-17 -6.90332e-18 0.157729 0.84227 1.03837e-06 1.86898e-28 1.2929e-28 0 
-4.74747 4.56278e+25 1.31267e-17 -6.56332e-18 0.157728 0.84227 1.4059e-06 1.68941e-28 1.16868e-28 0 
-4.64646 4.79939e+25 1.24802e-17 -6.24006e-18 0.157728 0.84227 1.90353e-06 1.5271e-28 1.0564e-28 0 
-4.54545 5.04826e+25 1.18655e-17 -5.93272e-18 0.157728 0.842269 2.57729e-06 1.38038e-28 9.54905e-29 0 
-4.44444 5.31003e+25 1.12812e-17 -5.64052e-18 0.157728 0.842268 3.48953e-06 1.24776e-28 8.63161e-29 0 
-4.34343 5.58535e+25 1.07256e-17 -5.3627e-18 0.157728 0.842267 4.72466e-06 1.12788e-28 7.80231e-29 0 
-4.24242 5.87494e+25 1.01973e-17 -5.09856e-18 0.157728 0.842266 6.39697e-06 1.01951e-28 7.05268e-29 0 
-4.14141 6.17953e+25 9.6951e-18 -4.84743e-18 0.157727 0.842264 8.66119e-06 9.21561e-29 6.37507e-29 0 
-4.0404 6.49989e+25 9.21762e-18 -4.60865e-18 0.157727 0.842261 1.17268e-05 8.33018e-29 5.76256e-29 0 
-3.93939 6.83685e+25 8.76367e-18 -4.38162e-18 0.157726 0.842258 1.58775e-05 7.52982e-29 5.2089e-29 0 
-3.83838 7.19127e+25 8.33207e-18 -4.16577e-18 0.157725 0.842253 2.14974e-05 6.80635e-29 4.70842e-29 0 
-3.73737 7.56404e+25 7.92174e-18 -3.96052e-18 0.157724 0.842247 2.91063e-05 6.15237e-29 4.25602e-29 0 
-3.63636 7.95613e+25 7.53163e-18 -3.76537e-18 0.157722 0.842238 3.94082e-05 5.56122e-29 3.84708e-29 0 
-3.53535 8.36852e+25 7.16074e-18 -3.5798e-18 0.15772 0.842226 5.33562e-05 5.02685e-29 3.47742e-29 0 
-3.43434 8.80227e+25 6.80813e-18 -3.40333e-18 0.157717 0.84221 7.22405e-05 4.5438e-29 3.14326e-29 0 
-3.33333 9.25848e+25 6.47291e-18 -3.2355e-18 0.157713 0.842189 9.78079e-05 4.10715e-29 2.8412e-29 0 
-3.23232 9.73832e+25 6.15422e-18 -3.07589e-18 0.157708 0.84216 0.000132423 3.71242e-29 2.56814e-29 0 
-3.13131 1.0243e+26 5.85125e-18 -2.92405e-18 0.1577 0.84212 0.000179286 3.35559e-29 2.32129e-29 0 
-3.0303 1.07738e+26 5.56325e-18 -2.7796e-18 0.15769 0.842067 0.000242731 3.033e-29 2.09814e-29 0 
-2.92929 1.13321e+26 5.28948e-18 -2.64213e-18 0.157677 0.841995 0.000328618 2.74137e-29 1.89639e-29 0 
-2.82828 1.19193e+26 5.02926e-18 -2.51128e-18 0.157659 0.841897 0.000444882 2.4777e-29 1.714e-29 0 
-2.72727 1.25369e+26 4.78194e-18 -2.38665e-18 0.157634 0.841764 0.000602256 2.2393e-29 1.54908e-29 0 
-2.62626 1.31863e+26 4.54691e-18 -2.2679e-18 0.1576 0.841585 0.000815254 2.02373e-29 1.39995e-29 0 
-2.52525 1.38694e+26 4.3236e-18 -2.15464e-18 0.157555 0.841342 0.0011035 1.82877e-29 1.26508e-29 0 
-2.42424 1.45877e+26 4.11146e-18 -2.04652e-18 0.157493 0.841013 0.00149351 1.65242e-29 1.14309e-29 0 
-2.32323 1.53431e+26 3.91e-18 -1.94315e-18 0.15741 0.840569 0.00202107 1.49287e-29 1.03272e-29 0 
-2.22222 1.61373e+26 3.71876e-18 -1.84413e-18 0.157297 0.839968 0.00273449 1.34848e-29 9.32836e-30 0 
-2.12121 1.69723e+26 3.53732e-18 -1.74903e-18 0.157145 0.839156 0.00369879 1.21774e-29 8.42397e-30 0 
-2.0202 1.78501e+26 3.3653e-18 -1.6574e-18 0.15694 0.838059 0.00500145 1.09931e-29 7.60467e-30 0 
-1.91919 1.87726e+26 3.20239e-18 -1.56872e-18 0.156662 0.836578 0.00675978 9.91935e-30 6.8619e-30 0 
-1.81818 1.9742e+26 3.04831e-18 -1.4824e-18 0.156289 0.834581 0.00913059 8.94494e-30 6.18783e-30 0 
-1.71717 2.07601e+26 2.90286e-18 -1.39777e-18 0.155785 0.831892 0.0123226 8.05949e-30 5.57531e-30 0 
-1.61616 2.1829e+26 2.7659e-18 -1.31403e-18 0.155109 0.82828 0.0166118 7.25353e-30 5.01777e-30 0 
-1.51515 2.29504e+26 2.6374e-18 -1.23024e-18 0.154202 0.823438 0.0223601 6.51831e-30 4.50917e-30 0 
-1.41414 2.41258e+26 2.51741e-18 -1.14528e-18 0.152991 0.816972 0.0300369 5.84579e-30 4.04394e-30 0 
-1.31313 2.53565e+26 2.40611e-18 -1.05782e-18 0.151382 0.808378 0.0402408 5.22856e-30 3.61696e-30 0 
-1.21212 2.6643e+26 2.30384e-18 -9.6628e-19 0.149256 0.797025 0.0537191 4.65985e-30 3.22354e-30 0 
-1.11111 2.79851e+26 2.2111e-18 -8.68821e-19 0.146471 0.782153 0.0713761 4.13356e-30 2.85947e-30 0 
-1.0101 2.93814e+26 2.12859e-18 -7.63338e-19 0.142861 0.76288 0.0942588 3.64435e-30 2.52105e-30 0 
-0.909091 3.08291e+26 2.05724e-18 -6.47511e-19 0.138249 0.738249 0.123502 3.18786e-30 2.20526e-30 0 
-0.808081 3.23234e+26 1.99821e-18 -5.18899e-19 0.132459 0.707329 0.160212 2.76089e-30 1.9099e-30 0 
-0.707071 3.38572e+26 1.95292e-18 -3.75119e-19 0.12535 0.66937 0.205279 2.36171e-30 1.63376e-30 0 
-0.606061 3.54209e+26 1.92301e-18 -2.14093e-19 0.116859 0.624029 0.259112 1.9902e-30 1.37676e-30 0 
-0.505051 3.70021e+26 1.9103e-18 -3.43276e-20 0.107042 0.571604 0.321354 1.64785e-30 1.13993e-30 0 
-0.40404 3.8586e+26 1.91673e-18 1.64827e-19 0.09611 0.513227 0.390663 1.33741e-30 9.25179e-31 0 
-0.30303 4.01562e+26 1.94425e-18 3.83068e-19 0.0844346 0.450881 0.464684 1.06206e-30 7.347e-31 0 
-0.20202 4.16954e+26 1.99472e-18 6.19249e-19 0.0725086 0.387196 0.540296 8.24422e-31 5.70309e-31 0 
-0.10101 4.31872e+26 2.0699e-18 8.71724e-19 0.0608681 0.325036 0.614096 6.25579e-31 4.32756e-31 0 
0 4.46169e+26 2.17132e-18 1.13886e-18 0.05 0.267 0.683 4.64509e-31 3.21333e-31 0 
